max_v_x: 0.0251907
min_v_x: -0.0705611
var_v_x: 0.000471
mean_v_x: -0.0312799
first_v_x: -0.0114071
last_v_x: 0.0068339
max_v_y: 0.0684914
min_v_y: -0.0573932
var_v_y: 0.0009751
mean_v_y: -0.0085824
first_v_y: 0.0032616
last_v_y: 0.0514339
max_v_z: 2.999717
min_v_z: 2.8200821
var_v_z: 0.0018687
mean_v_z: 2.8827268
first_v_z: 2.999717
last_v_z: 2.8871047

