max_v_x: 0.0238068
min_v_x: -0.0814171
var_v_x: 0.0004278
mean_v_x: -0.0427938
first_v_x: 6.7049239e-05
last_v_x: -0.0425933
max_v_y: 0.0459448
min_v_y: -0.0585683
var_v_y: 0.0004216
mean_v_y: -0.0114525
first_v_y: 0.0038746
last_v_y: -0.0467806
max_v_z: 3.0063243
min_v_z: 2.806561
var_v_z: 0.002245
mean_v_z: 2.8737531
first_v_z: 3.0038487
last_v_z: 2.8157103

