max_v_x: 0.1195394
min_v_x: -1.1233819
var_v_x: 0.1026941
mean_v_x: -0.7397192
first_v_x: -0.8658908
last_v_x: -0.9829919
mean_res_v_x: 0.0559945
max_v_y: 2.6318937
min_v_y: 0.9089144
var_v_y: 0.2388516
mean_v_y: 2.0303785
first_v_y: 2.3071193
last_v_y: 2.4721594
mean_res_v_y: 0.0341115
max_v_z: 0.6597797
min_v_z: -0.1389476
var_v_z: 0.0406648
mean_v_z: 0.286801
first_v_z: 0.0320217
last_v_z: 0.0320217
mean_res_v_z: 0.0860238

