max_v_x: 0.1045037
min_v_x: -0.3719808
var_v_x: 0.0004111
mean_v_x: -0.0005798
first_v_x: 0.0
last_v_x: -0.0506395
max_v_y: 0.1787847
min_v_y: -0.1701749
var_v_y: 0.0009294
mean_v_y: 0.0013597
first_v_y: 0.0
last_v_y: 0.0103742
max_v_z: 0.0537062
min_v_z: -0.0715454
var_v_z: 9.3543696e-05
mean_v_z: 0.0002679
first_v_z: 0.015364
last_v_z: 0.015364

