max_v_x: 0.0343108
min_v_x: -1.2980075
var_v_x: 0.0866911
mean_v_x: -0.7229207
first_v_x: -0.8932848
last_v_x: -0.7150834
max_v_y: -2.1402466
min_v_y: -4.6791904
var_v_y: 0.6081666
mean_v_y: -3.0490156
first_v_y: -2.962274
last_v_y: -2.1402466
max_v_z: 0.8339147
min_v_z: -0.3290869
var_v_z: 0.0854553
mean_v_z: 0.289804
first_v_z: -0.0418458
last_v_z: -0.0418458

