max_v_x: 1.0088349e-13
min_v_x: 9.8980378e-14
var_v_x: 8.2050057e-32
mean_v_x: 9.9998922e-14
first_v_x: 1.0008036e-13
last_v_x: 1.0007851e-13
max_v_y: 1.0245506e-13
min_v_y: 9.9335178e-14
var_v_y: 4.5284356e-31
mean_v_y: 1.0067062e-13
first_v_y: 1.0006887e-13
last_v_y: 1.0208435e-13
max_v_z: 3.0
min_v_z: 3.0
var_v_z: 6.0417775e-31
mean_v_z: 3.0
first_v_z: 3.0
last_v_z: 3.0

